Pesos ideales:  [0.6751976243389846, -0.23423424849246466, 0.2404583549453494, -0.381317024769686, -0.18877227569750077, 0.5079958538070883, -0.9028995670184055, -0.27485086991948604, -0.08472027052225162, -0.3569052607470069, -0.792400595047928, -0.13564220649338044, -0.2754294669422046, 0.41842093664817726, 0.2821696961328293, -0.553340704291007, 0.23061273125116122, 0.6189276598473668, 0.15444248072615707, 0.5304948373064471, -0.599960340467075]

--------

Sin decaimiento del ratio

Preceptron estocastico:  [6.553887273328869, -1.9258354410157414, 2.1747392882213292, -3.8074411481047874, -1.9833542232659491, 4.903513254447343, -8.231772249043939, -2.773620468159761, -0.7939356084260744, -3.2111656790571055, -7.62084030364037, -1.1398978984465213, -2.7454574556685483, 3.932285995644737, 2.756452347796137, -4.980902153908445, 1.8909512417402912, 5.919556924547194, 1.4255142115595816, 4.850012280749845, -5.935918381749915]
Preceptron estocastico validacion:  0.985
Preceptron estocastico test:  0.995

Maximizar estocastico:  [19.390133099596202, -5.665159986451222, 6.644712879230668, -10.942993807101727, -6.096857190841878, 14.556195203728755, -24.100153719689388, -8.23771109548359, -3.072336488692663, -9.216415696868367, -22.47748537465062, -3.374272549463638, -7.729883611152972, 12.075797811448037, 8.501609248902122, -14.936440000809766, 5.163347821517643, 17.419677927626882, 4.427005130665876, 14.286598342443883, -16.941523105055456]
Maximizar estocastico:  0.98
Maximizar estocastico test:  0.985

Maximizar batch:  [16.198999667926106, -4.654224780157531, 5.49747078769775, -8.964469734962519, -5.0613518693200055, 12.15026079843995, -19.93670559894503, -6.8663326684224515, -2.6655233150317033, -7.516673578917727, -18.631035102982406, -2.8095737875257933, -6.396029756041016, 10.01636369877775, 6.981365384328196, -12.408566852064475, 4.299586157574431, 14.405653901908632, 3.7133188512965885, 11.833146889057561, -14.016667692569078]
Maximizar batch:  0.98
Maximizar estocastico test:  0.985

Regresion estocastico:  [9.396530826244273, -2.7036104705418165, 3.1587302153827843, -5.225029435822602, -2.9140537072797437, 7.0752733641507115, -11.512784871420255, -4.001936790770462, -1.5724787478410567, -4.348963186487161, -10.77939855286012, -1.642961037359311, -3.7010970285337965, 5.817698710074981, 4.088167594725628, -7.1585993803277175, 2.4542759386259663, 8.352805937581337, 2.1791405176357275, 6.881016882109577, -8.083652201842387]
Regresion estocastico:  0.98
Regresion estocastico test:  0.985

Regresion batch:  [9.312534818325938, -2.665780832197368, 3.1255526876675477, -5.130814305687992, -2.8812712491282886, 6.999565311612479, -11.39184656856018, -3.946948847356964, -1.5654237402136453, -4.276835207661356, -10.657546597945796, -1.6187112177798466, -3.657414274946385, 5.740948540670806, 4.014952716771669, -7.088486654245897, 2.447301978219897, 8.242331676714887, 2.1497501280917217, 6.79023046340786, -8.00315373831235]
Regresion batch:  0.98
Regresion estocastico test:  0.985
Pruebas con decaimiento del ratio

----------------------------------------------

Pruebas con decaimiento del ratio

Preceptron estocastico:  [22.31903593265085, -7.054613509992076, 7.662843967371952, -12.89717950040365, -7.449484095571962, 16.91922415330802, -28.419186286871163, -9.251459918984226, -3.090275129646665, -10.52209992099655, -26.496990979925375, -3.877459879847947, -9.258399691107206, 13.742251792822975, 10.313336958161578, -17.577137282470872, 5.919908946613915, 20.40433912544403, 4.8708353636827395, 16.866470061891373, -20.12689845987986]
Preceptron estocastico:  0.985
Preceptron estocastico test:  0.995

Maximizar estocastico:  [24.208542014203548, -7.155228665351148, 8.305765392210684, -13.71598339072081, -7.594289041781256, 18.1086048485175, -30.326860710911113, -10.220861775474546, -3.703525026863037, -11.648376271234099, -28.160576138741597, -4.196397724198991, -9.74211068139457, 15.086603868766128, 10.609227550580004, -18.73201846817334, 6.555582346900567, 21.792240358317287, 5.482628100129382, 17.87938508811779, -21.302844243119903]
Maximizar estocastico:  0.98
Maximizar estocastico test:  0.99

Maximizar batch:  [-46529.699788847065, -7993.368680090149, 4414.86184169516, -7180.549091390162, -4009.224121197444, 15015.427123602805, -21104.299739662947, -10169.673281283434, -4632.969573279762, -7768.157179734307, -21071.16487606981, -1454.5104151423484, -2217.682272343681, 9343.078914852815, 6569.235059620048, -14057.874202174988, 2821.1028276866855, 21316.348270022052, -1760.7302288315655, 13421.0512544054, -7542.782768361972]
Maximizar batch:  0.5
Maximizar estocastico test:  0.38

Regresion estocastico:  [11.017113865133693, -3.185397742536362, 3.7534188987851684, -6.1660977409552125, -3.4510700005405406, 8.282179314611883, -13.593275650606314, -4.686384561502324, -1.8273976764573205, -5.146765096526316, -12.70537228264038, -1.9343164722695934, -4.343299143016812, 6.83924976060291, 4.813695120571873, -8.441430483582408, 2.896002219024535, 9.86107268493621, 2.5516468346700742, 8.075826036068715, -9.565660966550627]
Regresion estocastico:  0.98
Regresion estocastico test:  0.985

Regresion batch:  [13.079970742998231, -3.7931208002951347, 4.481217029303738, -7.300573959299418, -4.115435375574666, 9.789163286245696, -16.224828414140628, -5.530760171319019, -2.134966043433909, -6.12847147045883, -15.118481853096258, -2.289767614043169, -5.16518015954005, 8.111504718891291, 5.676949212132054, -10.077276241272537, 3.4979247316002042, 11.718552086265584, 3.005709892246817, 9.563751928835881, -11.429252830454798]
Regresion batch:  0.98
Regresion estocastico test:  0.985