Pruebas sin normalizacion y sin decaimiento del ratio

Preceptron estocastico:  [-0.018037332270644496, 0.5185737611206036, 0.8536012174487935, 1.6284084198169682, -3.995494068941737, -0.31249931845969126, 1.3319917400446126, -2.221864842198741, 0.3742220110667682, 0.3538825739445469, -0.06423849607681792, 0.43235111426315276, 0.10149522131708799, 0.6853079463355825, 0.27264937023872005, 0.6577990469063526, 0.9338872122639684]
Preceptron estocastico:  0.9420289855072463
Maximizar estocastico:  [-0.5608275117574413, 0.9752268852041366, 2.4497616857772377, 5.901737176792218, -13.629011413058517, -1.0855743521684287, 6.108987476295842, -6.139896801312695, 1.175176526175663, 3.1096700858147117, -0.7203844425444519, 2.127359317521168, -3.068082050918055, 4.547441853297378, 0.175918137165433, 2.4407972306659325, 4.236788433918988]
Maximizar estocastico:  0.9565217391304348
Maximizar batch:  [-0.9900685356528219, 0.6957412367689432, 4.6808747266792174, 8.389479124297285, -21.4879197420659, -2.6899931360290945, 8.018819790848129, -11.07170098818562, -0.16505744206265885, 4.488830400283011, -1.185719755524633, 2.842410680965769, -4.006254923700454, 5.506348609284723, 0.019988710715027707, 3.187100707146487, 7.228605371327486]
Maximizar batch:  0.9565217391304348
Regresion estocastico:  [-0.6521433884831765, 1.2257692314888684, 0.5110834364350961, 3.7228142565529447, -8.182822814393347, -0.2516177440993843, 3.5778455505083664, -0.8729402302698922, 0.6490052328515947, 1.9515239605487964, -0.24113730124351368, 2.265510438582835, -1.4125175262406622, 4.013905677809944, 0.36894785104914146, 1.014275950133992, 0.3048823956700552]
Regresion estocastico:  0.9710144927536232
Regresion batch:  [-0.6500153794949614, 1.2033277723516838, 0.5494437966200933, 3.7075114391135973, -8.223352277185455, -0.25324652844985884, 3.539216298703372, -0.9211331457756576, 0.5910917670815322, 1.9607729375871497, -0.23113051628801276, 2.2343205042697867, -1.4248193651703935, 4.0045097265259715, 0.3417072998039432, 1.0021885651801155, 0.32927787257167135]
Regresion batch:  0.9710144927536232

Pruebas sin normalizacion y con decaimiento del ratio

Preceptron estocastico:  [-0.016658857729358018, 1.258253776389239, 3.8752528928103116, 5.909613958728136, -15.667288010263283, -2.4023082091361267, 5.739828233251418, -10.016121924670768, 1.6584801923397121, 0.7872383462290651, -0.7459687896408385, 2.1151588728037343, 0.17932552631028809, 2.0483475717355897, 0.8992714951366221, 1.865654074682432, 4.9492290383351305]
Preceptron estocastico:  0.9420289855072463
Maximizar estocastico:  [-0.7460984288392136, 1.0127609371543107, 4.261641785480599, 7.164330158164235, -18.253499414318956, -2.0463047133426473, 6.427062565957058, -8.742698949751512, -0.22162592569124862, 3.6555875683571575, -0.6833507343563615, 2.2664185104809516, -3.1437234343558305, 4.877361154893726, 0.14731862720447095, 2.6184947083555055, 5.46558053644996]
Maximizar estocastico:  0.9710144927536232
Maximizar batch:  [-15880.799653682976, 10409.351965053136, -2157.2221650719716, 13076.487933108963, -15795.898571037646, -14753.0738034798, -11714.297142985892, 8462.478122782266, 11728.419464875939, 12915.704600048266, -1311.662192421218, 12663.408857629864, -11824.90191241368, -10823.07606812398, -15381.76666834049, 12813.210856655594, -4441.10489547482]
Maximizar batch:  0.8695652173913043
Regresion estocastico:  [-0.9175414931264239, 1.4063639385430342, 0.6469292497108545, 4.315429973919844, -9.477399163025824, -0.18663002575631515, 4.070451076868758, -0.9556004410775572, 0.7013017778931865, 2.370942627956773, -0.2790584024787057, 2.635511864936336, -1.5945794147653936, 4.577107961695436, 0.5269202782607735, 1.1748462400935145, 0.34182340426327257]
Regresion estocastico:  0.9710144927536232
Regresion batch:  [-1.3507074832057597, 1.2359637243446833, 0.8169910260805492, 5.450713444751261, -12.187717301352283, -0.386835880938419, 4.353330095843813, -1.4845004376825546, -0.29097194104299356, 3.2059387421722216, -0.03823007364681215, 3.585663269226503, -1.7889419016350048, 4.882404556625632, 0.4956378857699979, 1.1120429786365265, 0.8289317852260584]
Regresion batch:  0.9710144927536232

Pruebas con normalizacion y sin decaimiento del ratio

Preceptron estocastico:  [1.422560828769066, 0.5505486541370914, 0.9782120209160406, 1.975132724366032, -4.607377637389046, -0.31691644848432127, 1.5365319790983123, -2.1746895560327, 0.40306673079961836, 0.5667667739492914, -0.17790674428244796, 0.5137602688882451, -0.15966228257764398, 0.9464123748294357, 0.3541004171884816, 0.31663129250190664, 0.7703979103357693]
Preceptron estocastico:  0.927536231884058
Maximizar estocastico:  [4.773946996620292, 0.9513056369531372, 2.3577902065997023, 5.802071755984179, -13.47400098873898, -1.0959118615411878, 5.966151685295439, -6.060888607229058, 1.0337020592534982, 3.075370710770658, -0.7232249355540115, 1.9448348386333159, -2.919066216989797, 4.430951395581811, 0.20287588857765804, 2.3478647936037813, 3.089374023083293]
Maximizar estocastico:  0.9710144927536232
Maximizar batch:  [5.443414155140112, 0.6301934556657155, 2.9045373424768504, 6.409214530105018, -15.710709226983198, -1.1763616187488055, 6.120448948200418, -7.616607874810117, 0.6353157582862903, 3.5900046737042124, -1.01444747019288, 2.1911998200542464, -3.4491186348976957, 4.648386087612868, 0.16240523996426956, 2.5583815681601974, 3.880553222558192]
Maximizar batch:  0.9710144927536232
Regresion estocastico:  [1.3728509183294735, 1.214410836822224, 0.47708661845770955, 3.7175036256011693, -8.162307988704752, -0.27419337309181474, 3.560944966083065, -0.8075243684500937, 0.5761171906979624, 1.9932593541760366, -0.26307055643169325, 2.1889415274610413, -1.3751785129714789, 3.977057586959363, 0.43711122313792256, 0.9955781811903011, 0.22377657645400878]
Regresion estocastico:  0.9710144927536232
Regresion batch:  [1.3431271387894492, 1.1347912797890451, 0.6594885852236971, 3.8074347713429115, -8.675269194619336, -0.17303333777329186, 3.3935385905787694, -0.9707370837819514, 0.34110154429530837, 2.109531109040197, -0.17220534716782263, 2.1599539927988274, -1.376799295758139, 3.9993582626705875, 0.38339739935196265, 0.9641251833684367, 0.1939943327329911]
Regresion batch:  0.9710144927536232

Pruebas con normalizacion y con decaimiento del ratio

Preceptron estocastico:  [6.477029849726747, 1.3712172359618169, 5.345578795044163, 7.153572045723194, -18.713503888777534, -2.119487525115047, 6.643799346750223, -11.153362461122594, 2.3570482783605997, 1.6691898146337572, -0.5553031816954292, 2.064532533318418, -0.15860637364357819, 2.383868958958099, 0.9113294629262394, 1.918887636013657, 4.308208787285408]
Preceptron estocastico:  0.927536231884058
Maximizar estocastico:  [6.4465404228167875, 1.0764308200772008, 4.51001944371959, 7.737728269654013, -20.039226410939982, -3.1795660109296837, 7.257184755611994, -10.10203710250972, -0.7097082086682603, 3.763513246517536, -0.7902734406937649, 2.284189483350046, -2.968822140776282, 4.943222749929969, 0.23397130103812275, 2.7150387747638463, 4.516364885602798]
Maximizar estocastico:  0.9710144927536232
Maximizar batch:  [-15806.246534280719, 8817.321304723608, -2480.6989458916814, 17058.162014749036, -19652.669546558438, -15377.446975667184, -9906.021438101083, 11500.523676511502, 13845.818992712626, 13973.355459756363, -2435.928603070178, 8325.055050511126, -15143.891629416441, -12438.88304829734, -13652.601993737666, 12227.659413213085, 4778.179585955362]
Maximizar batch:  0.8840579710144928
Regresion estocastico:  [1.444481984254636, 1.390114872746494, 0.5974640977242612, 4.297597849668961, -9.430207728067895, -0.1811401820660457, 4.0374400743748575, -0.8862023166360171, 0.6455398630145018, 2.404799278251507, -0.2982867392557851, 2.5396158469420382, -1.5515365923013043, 4.526146686662608, 0.5842110755618425, 1.1469836271329947, 0.2517977325680529]
Regresion estocastico:  0.9710144927536232
Regresion batch:  [1.4315169874890337, 1.3469864903408837, 0.7398333886899751, 4.466535068897595, -10.008062646785536, -0.39675330525458874, 3.994689445092, -1.0297845170033666, 0.18531951203411554, 2.5575561471822317, -0.23932524311593528, 2.585638717149176, -1.6017688941145607, 4.626733347944259, 0.5555643580830348, 1.1486164408933062, 0.2627914645974633]
Regresion batch:  0.9710144927536232